100
1000000
58
56
46
39
37
34
37
49
43
35
200
8000000
156
147
154
156
149
158
148
150
155
148
300
27000000
381
386
382
396
381
394
387
382
408
382
400
64000000
815
815
795
817
789
796
776
774
766
783
500
125000000
1378
1390
1371
1413
1371
1364
1356
1401
1380
1394
600
216000000
2231
2222
2188
2213
2214
2210
2251
2190
2246
2161
700
343000000
3312
3309
3379
3385
3369
3426
3620
3468
3404
3456
800
512000000
4709
4935
5185
4867
4687
4638
4706
5310
5206
5095
900
729000000
6496
6796
6871
7746
6662
7102
7553
6501
6446
6785
1000
1000000000
10510
10454
10807
10787
11195
11773
12055
11813
12558
11374
