100
1000000
71
61
62
58
65
67
68
66
68
62
200
8000000
183
178
188
182
181
179
189
182
180
185
300
27000000
347
358
342
344
353
370
368
354
344
345
400
64000000
627
594
602
632
649
604
585
579
601
593
500
125000000
962
928
992
961
941
922
972
960
929
944
600
216000000
1385
1391
1388
1363
1448
1423
1430
1427
1441
1455
700
343000000
1981
1907
1981
2012
1968
1991
1972
1946
2008
2009
800
512000000
2719
2640
2622
2648
2787
2644
2664
2767
2625
2612
900
729000000
3566
3689
3699
3638
3587
3542
3502
3619
3614
3489
1000
1000000000
4788
4822
4786
4908
4891
4960
4801
5093
4885
4872
