100
1000000
51
68
43
59
56
52
40
53
45
41
200
8000000
189
161
165
151
162
171
169
188
159
156
300
27000000
345
348
372
318
361
322
341
347
347
369
400
64000000
598
642
590
627
624
626
611
618
627
595
500
125000000
992
1015
979
963
1010
1027
1055
985
981
968
600
216000000
1521
1577
1522
1539
1474
1483
1556
1493
1499
1541
700
343000000
2145
2127
2226
2346
2094
2167
2158
2147
2139
2112
800
512000000
2884
3064
3323
3043
2944
3056
3180
2948
3002
3133
900
729000000
3884
4225
4130
3922
3699
4026
3977
3738
3898
3973
1000
1000000000
5598
5463
5341
5419
5270
5389
5265
5628
5307
5269
