100
1000000
48
42
44
48
38
44
41
51
33
33
200
8000000
137
135
145
142
144
141
145
143
140
157
300
27000000
336
334
325
331
340
324
329
328
326
320
400
64000000
693
640
634
639
652
645
639
632
652
649
500
125000000
1062
1141
1078
1047
1026
1074
1071
1102
1101
1098
600
216000000
1692
1622
1668
1642
1725
1693
1714
1656
1684
1713
700
343000000
2497
2442
2460
2474
2405
2539
2387
2475
2504
2511
800
512000000
3420
3304
3307
3569
3559
3417
3367
3440
3495
3462
900
729000000
4571
5172
4823
4558
4496
4826
4832
4651
4669
4835
1000
1000000000
7047
6996
7102
7373
7479
7333
7260
7519
7243
7107
